single point
       alpha_l                      3.000000000000000    1.000000000000000    0.000000000000000
       alpha_t                      0.04442781932071551    1.000000000000000    0.000000000000000
        hk1000                      6.144092319251474e-05    1.000000000000000    0.000000000000000
        hk1001                      6.144092319251474e-05    1.000000000000000    0.000000000000000
        hk1002                      6.144092319251474e-05    1.000000000000000    0.000000000000000
        hk1003                      6.144092319251474e-05    1.000000000000000    0.000000000000000
        hk1004                      6.144092319251474e-05    1.000000000000000    0.000000000000000
        hk1005                      6.144092319251474e-05    1.000000000000000    0.000000000000000
        hk1006                      6.144092319251474e-05    1.000000000000000    0.000000000000000
        hk1007                      6.144092319251474e-05    1.000000000000000    0.000000000000000
        hk1008                      6.144092319251474e-05    1.000000000000000    0.000000000000000
        hk1009                      6.144092319251474e-05    1.000000000000000    0.000000000000000
        hk1010                      6.144092319251474e-05    1.000000000000000    0.000000000000000
        hk1011                      6.144092319251474e-05    1.000000000000000    0.000000000000000
        hk1012                      6.144092319251474e-05    1.000000000000000    0.000000000000000
        hk1013                      6.144092319251474e-05    1.000000000000000    0.000000000000000
        hk1014                      6.144092319251474e-05    1.000000000000000    0.000000000000000
        hk1015                      6.144092319251474e-05    1.000000000000000    0.000000000000000
        hk1016                      6.144092319251474e-05    1.000000000000000    0.000000000000000
        hk1017                      6.144092319251474e-05    1.000000000000000    0.000000000000000
        hk1018                      6.144092319251474e-05    1.000000000000000    0.000000000000000
        hk1019                      6.144092319251474e-05    1.000000000000000    0.000000000000000
        hk1020                      6.144092319251474e-05    1.000000000000000    0.000000000000000
        hk1021                      6.144092319251474e-05    1.000000000000000    0.000000000000000
        hk1022                      6.144092319251474e-05    1.000000000000000    0.000000000000000
        hk1023                      6.144092319251474e-05    1.000000000000000    0.000000000000000
        hk1024                      6.144092319251474e-05    1.000000000000000    0.000000000000000
        hk1025                      6.144092319251474e-05    1.000000000000000    0.000000000000000
        hk1026                      6.144092319251474e-05    1.000000000000000    0.000000000000000
        hk1027                      6.144092319251474e-05    1.000000000000000    0.000000000000000
        hk1028                      6.144092319251474e-05    1.000000000000000    0.000000000000000
        hk1029                      8.481230399544970e-05    1.000000000000000    0.000000000000000
        hk1030                      8.616952930910631e-05    1.000000000000000    0.000000000000000
        hk1031                      6.371650007107615e-05    1.000000000000000    0.000000000000000
        hk1032                      6.144092319251474e-05    1.000000000000000    0.000000000000000
        hk1033                      6.144092319251474e-05    1.000000000000000    0.000000000000000
        hk1034                      6.144092319251474e-05    1.000000000000000    0.000000000000000
        hk1035                      6.144092319251474e-05    1.000000000000000    0.000000000000000
        hk1036                      6.144092319251474e-05    1.000000000000000    0.000000000000000
        hk1037                      6.144092319251474e-05    1.000000000000000    0.000000000000000
        hk1038                      6.144092319251474e-05    1.000000000000000    0.000000000000000
        hk1039                      6.144092319251474e-05    1.000000000000000    0.000000000000000
        hk1040                      6.144092319251474e-05    1.000000000000000    0.000000000000000
        hk1041                      0.0001020324816885649    1.000000000000000    0.000000000000000
        hk1042                      0.0001092379283928378    1.000000000000000    0.000000000000000
        hk1043                      8.831749544863094e-05    1.000000000000000    0.000000000000000
        hk1044                      7.154306524990853e-05    1.000000000000000    0.000000000000000
        hk1045                      6.492571022121584e-05    1.000000000000000    0.000000000000000
        hk1046                      6.144092319251474e-05    1.000000000000000    0.000000000000000
        hk1047                      6.144092319251474e-05    1.000000000000000    0.000000000000000
        hk1048                      6.144092319251474e-05    1.000000000000000    0.000000000000000
        hk1049                      6.144092319251474e-05    1.000000000000000    0.000000000000000
        hk1050                      6.144092319251474e-05    1.000000000000000    0.000000000000000
        hk1051                      6.144092319251474e-05    1.000000000000000    0.000000000000000
        hk1052                      6.144092319251474e-05    1.000000000000000    0.000000000000000
        hk1053                      6.144092319251474e-05    1.000000000000000    0.000000000000000
        hk1054                      6.144092319251474e-05    1.000000000000000    0.000000000000000
        hk1055                      6.144092319251474e-05    1.000000000000000    0.000000000000000
        hk1056                      6.144092319251474e-05    1.000000000000000    0.000000000000000
        hk1057                      6.144092319251474e-05    1.000000000000000    0.000000000000000
        hk1058                      0.0001148066452950465    1.000000000000000    0.000000000000000
        hk1059                      0.0001188212249186379    1.000000000000000    0.000000000000000
        hk1060                      0.0001188799974676611    1.000000000000000    0.000000000000000
        hk1061                      9.632279795776512e-05    1.000000000000000    0.000000000000000
        hk1062                      9.087097546994020e-05    1.000000000000000    0.000000000000000
        hk1063                      8.349641508922268e-05    1.000000000000000    0.000000000000000
        hk1064                      6.862279810084909e-05    1.000000000000000    0.000000000000000
        hk1065                      6.144092319251474e-05    1.000000000000000    0.000000000000000
        hk1066                      6.144092319251474e-05    1.000000000000000    0.000000000000000
        hk1067                      6.144092319251474e-05    1.000000000000000    0.000000000000000
        hk1068                      6.144092319251474e-05    1.000000000000000    0.000000000000000
        hk1069                      6.144092319251474e-05    1.000000000000000    0.000000000000000
        hk1070                      6.144092319251474e-05    1.000000000000000    0.000000000000000
        hk1071                      6.144092319251474e-05    1.000000000000000    0.000000000000000
        hk1072                      6.144092319251474e-05    1.000000000000000    0.000000000000000
        hk1073                      6.144092319251474e-05    1.000000000000000    0.000000000000000
        hk1074                      6.144092319251474e-05    1.000000000000000    0.000000000000000
        hk1075                      6.144092319251474e-05    1.000000000000000    0.000000000000000
        hk1076                      9.759439692058177e-05    1.000000000000000    0.000000000000000
        hk1077                      0.0001372488110229607    1.000000000000000    0.000000000000000
        hk1078                      0.0001253197158929982    1.000000000000000    0.000000000000000
        hk1079                      0.0001025320814387795    1.000000000000000    0.000000000000000
        hk1080                      0.0001016169186109846    1.000000000000000    0.000000000000000
        hk1081                      9.030013655203361e-05    1.000000000000000    0.000000000000000
        hk1082                      6.144092319251474e-05    1.000000000000000    0.000000000000000
        hk1083                      6.144092319251474e-05    1.000000000000000    0.000000000000000
        hk1084                      6.144092319251474e-05    1.000000000000000    0.000000000000000
        hk1085                      6.144092319251474e-05    1.000000000000000    0.000000000000000
        hk1086                      6.144092319251474e-05    1.000000000000000    0.000000000000000
        hk1087                      6.144092319251474e-05    1.000000000000000    0.000000000000000
        hk1088                      6.144092319251474e-05    1.000000000000000    0.000000000000000
        hk1089                      6.144092319251474e-05    1.000000000000000    0.000000000000000
        hk1090                      6.144092319251474e-05    1.000000000000000    0.000000000000000
        hk1091                      6.144092319251474e-05    1.000000000000000    0.000000000000000
        hk1092                      6.144092319251474e-05    1.000000000000000    0.000000000000000
        hk1093                      0.0001167446879746608    1.000000000000000    0.000000000000000
        hk1094                      9.428933136854302e-05    1.000000000000000    0.000000000000000
        hk1095                      0.0001094821742866374    1.000000000000000    0.000000000000000
        hk1096                      0.0001102876169778308    1.000000000000000    0.000000000000000
        hk1097                      9.683360459506874e-05    1.000000000000000    0.000000000000000
        hk1098                      9.073368920640125e-05    1.000000000000000    0.000000000000000
        hk1099                      8.649743631045734e-05    1.000000000000000    0.000000000000000
        hk1100                      7.993886133761939e-05    1.000000000000000    0.000000000000000
        hk1101                      6.144092319251474e-05    1.000000000000000    0.000000000000000
        hk1102                      6.144092319251474e-05    1.000000000000000    0.000000000000000
        hk1103                      6.144092319251474e-05    1.000000000000000    0.000000000000000
        hk1104                      6.144092319251474e-05    1.000000000000000    0.000000000000000
        hk1105                      6.144092319251474e-05    1.000000000000000    0.000000000000000
        hk1106                      6.144092319251474e-05    1.000000000000000    0.000000000000000
        hk1107                      0.0001028044302688072    1.000000000000000    0.000000000000000
        hk1108                      0.0001123405160084468    1.000000000000000    0.000000000000000
        hk1109                      9.779289850900768e-05    1.000000000000000    0.000000000000000
        hk1110                      9.747514399766236e-05    1.000000000000000    0.000000000000000
        hk1111                      8.682461337392604e-05    1.000000000000000    0.000000000000000
        hk1112                      7.422603555428798e-05    1.000000000000000    0.000000000000000
        hk1113                      6.391723724991599e-05    1.000000000000000    0.000000000000000
        hk1114                      7.690698880253879e-05    1.000000000000000    0.000000000000000
        hk1115                      6.144092319251474e-05    1.000000000000000    0.000000000000000
        hk1116                      6.144092319251474e-05    1.000000000000000    0.000000000000000
        hk1117                      6.144092319251474e-05    1.000000000000000    0.000000000000000
        hk1118                      6.144092319251474e-05    1.000000000000000    0.000000000000000
        hk1119                      0.0001209129851944524    1.000000000000000    0.000000000000000
        hk1120                      0.0001093220758335231    1.000000000000000    0.000000000000000
        hk1121                      8.457869779510225e-05    1.000000000000000    0.000000000000000
        hk1122                      7.464062079014905e-05    1.000000000000000    0.000000000000000
        hk1123                      5.531411935537519e-05    1.000000000000000    0.000000000000000
        hk1124                      4.887257563137691e-05    1.000000000000000    0.000000000000000
        hk1125                      6.144092319251474e-05    1.000000000000000    0.000000000000000
        hk1126                      6.144092319251474e-05    1.000000000000000    0.000000000000000
        hk1127                      6.144092319251474e-05    1.000000000000000    0.000000000000000
        hk1128                      6.144092319251474e-05    1.000000000000000    0.000000000000000
        hk1129                      6.144092319251474e-05    1.000000000000000    0.000000000000000
        hk1130                      7.991398401756571e-05    1.000000000000000    0.000000000000000
        hk1131                      0.0001005496921647876    1.000000000000000    0.000000000000000
        hk1132                      9.133755860514183e-05    1.000000000000000    0.000000000000000
        hk1133                      7.477851225017649e-05    1.000000000000000    0.000000000000000
        hk1134                      6.321291528413145e-05    1.000000000000000    0.000000000000000
        hk1135                      4.673841191192742e-05    1.000000000000000    0.000000000000000
        hk1136                      6.144092319251474e-05    1.000000000000000    0.000000000000000
        hk1137                      6.144092319251474e-05    1.000000000000000    0.000000000000000
        hk1138                      6.144092319251474e-05    1.000000000000000    0.000000000000000
        hk1139                      6.144092319251474e-05    1.000000000000000    0.000000000000000
        hk1140                      6.144092319251474e-05    1.000000000000000    0.000000000000000
        hk1141                      6.144092319251474e-05    1.000000000000000    0.000000000000000
        hk1142                      6.144092319251474e-05    1.000000000000000    0.000000000000000
        hk1143                      6.913149800411309e-05    1.000000000000000    0.000000000000000
        hk1144                      6.886120137499427e-05    1.000000000000000    0.000000000000000
        hk1145                      5.596719754599988e-05    1.000000000000000    0.000000000000000
        hk1146                      6.144092319251474e-05    1.000000000000000    0.000000000000000
        hk1147                      6.144092319251474e-05    1.000000000000000    0.000000000000000
        hk1148                      6.144092319251474e-05    1.000000000000000    0.000000000000000
        hk1149                      6.144092319251474e-05    1.000000000000000    0.000000000000000
        hk1150                      6.144092319251474e-05    1.000000000000000    0.000000000000000
        hk1151                      6.144092319251474e-05    1.000000000000000    0.000000000000000
        hk1152                      6.144092319251474e-05    1.000000000000000    0.000000000000000
        hk1153                      6.144092319251474e-05    1.000000000000000    0.000000000000000
        hk1154                      6.144092319251474e-05    1.000000000000000    0.000000000000000
        hk1155                      6.144092319251474e-05    1.000000000000000    0.000000000000000
        hk1156                      6.144092319251474e-05    1.000000000000000    0.000000000000000
        hk1157                      6.144092319251474e-05    1.000000000000000    0.000000000000000
        hk1158                      6.144092319251474e-05    1.000000000000000    0.000000000000000
        hk1159                      6.144092319251474e-05    1.000000000000000    0.000000000000000
        hk1160                      6.144092319251474e-05    1.000000000000000    0.000000000000000
      hk_dunes                      0.006449695074869527    1.000000000000000    0.000000000000000
     hk_seabed                      1.318125601947708e-05    1.000000000000000    0.000000000000000
     hk_valley                      2.045154859328189e-05    1.000000000000000    0.000000000000000
             m                      8.000000000000000    1.000000000000000    0.000000000000000
            ne                      0.3000000000000000    1.000000000000000    0.000000000000000
        qmuni1                      0.0002940000000000000    1.000000000000000    0.000000000000000
        qmuni2                      8.020000000000000e-05    1.000000000000000    0.000000000000000
        qmuni3                      6.490000000000001e-05    1.000000000000000    0.000000000000000
        qmuni4                      0.0001310000000000000    1.000000000000000    0.000000000000000
        qmuni5                      0.0002430000000000000    1.000000000000000    0.000000000000000
        qmuni6                      4.350000000000000e-05    1.000000000000000    0.000000000000000
        qmuni7                      1.150000000000000e-06    1.000000000000000    0.000000000000000
        qmuni8                      0.0002540000000000000    1.000000000000000    0.000000000000000
        qmuni9                      7.230000000000000e-05    1.000000000000000    0.000000000000000
     rech_mmyr                      547.1282052096579    1.000000000000000    0.000000000000000
          slvl                      0.01400000000000000    1.000000000000000    0.000000000000000
            ss                      1.000000000000000e-05    1.000000000000000    0.000000000000000
            sy                      0.1500000000000000    1.000000000000000    0.000000000000000
