single point
       alpha_l                      3.000000000000000    1.000000000000000    0.000000000000000
       alpha_t                      0.1000000000000000    1.000000000000000    0.000000000000000
        hk1000                      4.000000000000001e-05    1.000000000000000    0.000000000000000
        hk1001                      4.000000000000001e-05    1.000000000000000    0.000000000000000
        hk1002                      4.000000000000001e-05    1.000000000000000    0.000000000000000
        hk1003                      4.000000000000001e-05    1.000000000000000    0.000000000000000
        hk1004                      4.000000000000001e-05    1.000000000000000    0.000000000000000
        hk1005                      4.000000000000001e-05    1.000000000000000    0.000000000000000
        hk1006                      4.000000000000001e-05    1.000000000000000    0.000000000000000
        hk1007                      4.000000000000001e-05    1.000000000000000    0.000000000000000
        hk1008                      4.000000000000001e-05    1.000000000000000    0.000000000000000
        hk1009                      4.000000000000001e-05    1.000000000000000    0.000000000000000
        hk1010                      4.000000000000001e-05    1.000000000000000    0.000000000000000
        hk1011                      4.000000000000001e-05    1.000000000000000    0.000000000000000
        hk1012                      4.000000000000001e-05    1.000000000000000    0.000000000000000
        hk1013                      4.000000000000001e-05    1.000000000000000    0.000000000000000
        hk1014                      4.000000000000001e-05    1.000000000000000    0.000000000000000
        hk1015                      4.000000000000001e-05    1.000000000000000    0.000000000000000
        hk1016                      4.000000000000001e-05    1.000000000000000    0.000000000000000
        hk1017                      4.000000000000001e-05    1.000000000000000    0.000000000000000
        hk1018                      4.000000000000001e-05    1.000000000000000    0.000000000000000
        hk1019                      4.000000000000001e-05    1.000000000000000    0.000000000000000
        hk1020                      4.000000000000001e-05    1.000000000000000    0.000000000000000
        hk1021                      4.000000000000001e-05    1.000000000000000    0.000000000000000
        hk1022                      4.000000000000001e-05    1.000000000000000    0.000000000000000
        hk1023                      4.000000000000001e-05    1.000000000000000    0.000000000000000
        hk1024                      4.000000000000001e-05    1.000000000000000    0.000000000000000
        hk1025                      4.000000000000001e-05    1.000000000000000    0.000000000000000
        hk1026                      4.000000000000001e-05    1.000000000000000    0.000000000000000
        hk1027                      4.000000000000001e-05    1.000000000000000    0.000000000000000
        hk1028                      4.000000000000001e-05    1.000000000000000    0.000000000000000
        hk1029                      4.000000000000001e-05    1.000000000000000    0.000000000000000
        hk1030                      4.000000000000001e-05    1.000000000000000    0.000000000000000
        hk1031                      4.000000000000001e-05    1.000000000000000    0.000000000000000
        hk1032                      4.000000000000001e-05    1.000000000000000    0.000000000000000
        hk1033                      4.000000000000001e-05    1.000000000000000    0.000000000000000
        hk1034                      4.000000000000001e-05    1.000000000000000    0.000000000000000
        hk1035                      4.000000000000001e-05    1.000000000000000    0.000000000000000
        hk1036                      4.000000000000001e-05    1.000000000000000    0.000000000000000
        hk1037                      4.000000000000001e-05    1.000000000000000    0.000000000000000
        hk1038                      4.000000000000001e-05    1.000000000000000    0.000000000000000
        hk1039                      4.000000000000001e-05    1.000000000000000    0.000000000000000
        hk1040                      4.000000000000001e-05    1.000000000000000    0.000000000000000
        hk1041                      4.000000000000001e-05    1.000000000000000    0.000000000000000
        hk1042                      4.000000000000001e-05    1.000000000000000    0.000000000000000
        hk1043                      4.000000000000001e-05    1.000000000000000    0.000000000000000
        hk1044                      4.000000000000001e-05    1.000000000000000    0.000000000000000
        hk1045                      4.000000000000001e-05    1.000000000000000    0.000000000000000
        hk1046                      4.000000000000001e-05    1.000000000000000    0.000000000000000
        hk1047                      4.000000000000001e-05    1.000000000000000    0.000000000000000
        hk1048                      4.000000000000001e-05    1.000000000000000    0.000000000000000
        hk1049                      4.000000000000001e-05    1.000000000000000    0.000000000000000
        hk1050                      4.000000000000001e-05    1.000000000000000    0.000000000000000
        hk1051                      4.000000000000001e-05    1.000000000000000    0.000000000000000
        hk1052                      4.000000000000001e-05    1.000000000000000    0.000000000000000
        hk1053                      4.000000000000001e-05    1.000000000000000    0.000000000000000
        hk1054                      4.000000000000001e-05    1.000000000000000    0.000000000000000
        hk1055                      4.000000000000001e-05    1.000000000000000    0.000000000000000
        hk1056                      4.000000000000001e-05    1.000000000000000    0.000000000000000
        hk1057                      4.000000000000001e-05    1.000000000000000    0.000000000000000
        hk1058                      4.000000000000001e-05    1.000000000000000    0.000000000000000
        hk1059                      4.000000000000001e-05    1.000000000000000    0.000000000000000
        hk1060                      4.000000000000001e-05    1.000000000000000    0.000000000000000
        hk1061                      4.000000000000001e-05    1.000000000000000    0.000000000000000
        hk1062                      4.000000000000001e-05    1.000000000000000    0.000000000000000
        hk1063                      4.000000000000001e-05    1.000000000000000    0.000000000000000
        hk1064                      4.000000000000001e-05    1.000000000000000    0.000000000000000
        hk1065                      4.000000000000001e-05    1.000000000000000    0.000000000000000
        hk1066                      4.000000000000001e-05    1.000000000000000    0.000000000000000
        hk1067                      4.000000000000001e-05    1.000000000000000    0.000000000000000
        hk1068                      4.000000000000001e-05    1.000000000000000    0.000000000000000
        hk1069                      4.000000000000001e-05    1.000000000000000    0.000000000000000
        hk1070                      4.000000000000001e-05    1.000000000000000    0.000000000000000
        hk1071                      4.000000000000001e-05    1.000000000000000    0.000000000000000
        hk1072                      4.000000000000001e-05    1.000000000000000    0.000000000000000
        hk1073                      4.000000000000001e-05    1.000000000000000    0.000000000000000
        hk1074                      4.000000000000001e-05    1.000000000000000    0.000000000000000
        hk1075                      4.000000000000001e-05    1.000000000000000    0.000000000000000
        hk1076                      4.000000000000001e-05    1.000000000000000    0.000000000000000
        hk1077                      4.000000000000001e-05    1.000000000000000    0.000000000000000
        hk1078                      4.000000000000001e-05    1.000000000000000    0.000000000000000
        hk1079                      4.000000000000001e-05    1.000000000000000    0.000000000000000
        hk1080                      4.000000000000001e-05    1.000000000000000    0.000000000000000
        hk1081                      4.000000000000001e-05    1.000000000000000    0.000000000000000
        hk1082                      4.000000000000001e-05    1.000000000000000    0.000000000000000
        hk1083                      4.000000000000001e-05    1.000000000000000    0.000000000000000
        hk1084                      4.000000000000001e-05    1.000000000000000    0.000000000000000
        hk1085                      4.000000000000001e-05    1.000000000000000    0.000000000000000
        hk1086                      4.000000000000001e-05    1.000000000000000    0.000000000000000
        hk1087                      4.000000000000001e-05    1.000000000000000    0.000000000000000
        hk1088                      4.000000000000001e-05    1.000000000000000    0.000000000000000
        hk1089                      4.000000000000001e-05    1.000000000000000    0.000000000000000
        hk1090                      4.000000000000001e-05    1.000000000000000    0.000000000000000
        hk1091                      4.000000000000001e-05    1.000000000000000    0.000000000000000
        hk1092                      4.000000000000001e-05    1.000000000000000    0.000000000000000
        hk1093                      4.000000000000001e-05    1.000000000000000    0.000000000000000
        hk1094                      4.000000000000001e-05    1.000000000000000    0.000000000000000
        hk1095                      4.000000000000001e-05    1.000000000000000    0.000000000000000
        hk1096                      4.000000000000001e-05    1.000000000000000    0.000000000000000
        hk1097                      4.000000000000001e-05    1.000000000000000    0.000000000000000
        hk1098                      4.000000000000001e-05    1.000000000000000    0.000000000000000
        hk1099                      4.000000000000001e-05    1.000000000000000    0.000000000000000
        hk1100                      4.000000000000001e-05    1.000000000000000    0.000000000000000
        hk1101                      4.000000000000001e-05    1.000000000000000    0.000000000000000
        hk1102                      4.000000000000001e-05    1.000000000000000    0.000000000000000
        hk1103                      4.000000000000001e-05    1.000000000000000    0.000000000000000
        hk1104                      4.000000000000001e-05    1.000000000000000    0.000000000000000
        hk1105                      4.000000000000001e-05    1.000000000000000    0.000000000000000
        hk1106                      4.000000000000001e-05    1.000000000000000    0.000000000000000
        hk1107                      4.000000000000001e-05    1.000000000000000    0.000000000000000
        hk1108                      4.000000000000001e-05    1.000000000000000    0.000000000000000
        hk1109                      4.000000000000001e-05    1.000000000000000    0.000000000000000
        hk1110                      4.000000000000001e-05    1.000000000000000    0.000000000000000
        hk1111                      4.000000000000001e-05    1.000000000000000    0.000000000000000
        hk1112                      4.000000000000001e-05    1.000000000000000    0.000000000000000
        hk1113                      4.000000000000001e-05    1.000000000000000    0.000000000000000
        hk1114                      4.000000000000001e-05    1.000000000000000    0.000000000000000
        hk1115                      4.000000000000001e-05    1.000000000000000    0.000000000000000
        hk1116                      4.000000000000001e-05    1.000000000000000    0.000000000000000
        hk1117                      4.000000000000001e-05    1.000000000000000    0.000000000000000
        hk1118                      4.000000000000001e-05    1.000000000000000    0.000000000000000
        hk1119                      4.000000000000001e-05    1.000000000000000    0.000000000000000
        hk1120                      4.000000000000001e-05    1.000000000000000    0.000000000000000
        hk1121                      4.000000000000001e-05    1.000000000000000    0.000000000000000
        hk1122                      4.000000000000001e-05    1.000000000000000    0.000000000000000
        hk1123                      4.000000000000001e-05    1.000000000000000    0.000000000000000
        hk1124                      4.000000000000001e-05    1.000000000000000    0.000000000000000
        hk1125                      4.000000000000001e-05    1.000000000000000    0.000000000000000
        hk1126                      4.000000000000001e-05    1.000000000000000    0.000000000000000
        hk1127                      4.000000000000001e-05    1.000000000000000    0.000000000000000
        hk1128                      4.000000000000001e-05    1.000000000000000    0.000000000000000
        hk1129                      4.000000000000001e-05    1.000000000000000    0.000000000000000
        hk1130                      4.000000000000001e-05    1.000000000000000    0.000000000000000
        hk1131                      4.000000000000001e-05    1.000000000000000    0.000000000000000
        hk1132                      4.000000000000001e-05    1.000000000000000    0.000000000000000
        hk1133                      4.000000000000001e-05    1.000000000000000    0.000000000000000
        hk1134                      4.000000000000001e-05    1.000000000000000    0.000000000000000
        hk1135                      4.000000000000001e-05    1.000000000000000    0.000000000000000
        hk1136                      4.000000000000001e-05    1.000000000000000    0.000000000000000
        hk1137                      4.000000000000001e-05    1.000000000000000    0.000000000000000
        hk1138                      4.000000000000001e-05    1.000000000000000    0.000000000000000
        hk1139                      4.000000000000001e-05    1.000000000000000    0.000000000000000
        hk1140                      4.000000000000001e-05    1.000000000000000    0.000000000000000
        hk1141                      4.000000000000001e-05    1.000000000000000    0.000000000000000
        hk1142                      4.000000000000001e-05    1.000000000000000    0.000000000000000
        hk1143                      4.000000000000001e-05    1.000000000000000    0.000000000000000
        hk1144                      4.000000000000001e-05    1.000000000000000    0.000000000000000
        hk1145                      4.000000000000001e-05    1.000000000000000    0.000000000000000
        hk1146                      4.000000000000001e-05    1.000000000000000    0.000000000000000
        hk1147                      4.000000000000001e-05    1.000000000000000    0.000000000000000
        hk1148                      4.000000000000001e-05    1.000000000000000    0.000000000000000
        hk1149                      4.000000000000001e-05    1.000000000000000    0.000000000000000
        hk1150                      4.000000000000001e-05    1.000000000000000    0.000000000000000
        hk1151                      4.000000000000001e-05    1.000000000000000    0.000000000000000
        hk1152                      4.000000000000001e-05    1.000000000000000    0.000000000000000
        hk1153                      4.000000000000001e-05    1.000000000000000    0.000000000000000
        hk1154                      4.000000000000001e-05    1.000000000000000    0.000000000000000
        hk1155                      4.000000000000001e-05    1.000000000000000    0.000000000000000
        hk1156                      4.000000000000001e-05    1.000000000000000    0.000000000000000
        hk1157                      4.000000000000001e-05    1.000000000000000    0.000000000000000
        hk1158                      4.000000000000001e-05    1.000000000000000    0.000000000000000
        hk1159                      4.000000000000001e-05    1.000000000000000    0.000000000000000
        hk1160                      4.000000000000001e-05    1.000000000000000    0.000000000000000
      hk_dunes                      0.004999999999999999    1.000000000000000    0.000000000000000
     hk_seabed                      2.000000000000000e-05    1.000000000000000    0.000000000000000
     hk_valley                      1.000000000000000e-05    1.000000000000000    0.000000000000000
             m                      8.000000000000000    1.000000000000000    0.000000000000000
            ne                      0.3000000000000000    1.000000000000000    0.000000000000000
        qmuni1                      0.0002940000000000000    1.000000000000000    0.000000000000000
        qmuni2                      8.020000000000000e-05    1.000000000000000    0.000000000000000
        qmuni3                      6.490000000000001e-05    1.000000000000000    0.000000000000000
        qmuni4                      0.0001310000000000000    1.000000000000000    0.000000000000000
        qmuni5                      0.0002430000000000000    1.000000000000000    0.000000000000000
        qmuni6                      4.350000000000000e-05    1.000000000000000    0.000000000000000
        qmuni7                      1.150000000000000e-06    1.000000000000000    0.000000000000000
        qmuni8                      0.0002540000000000000    1.000000000000000    0.000000000000000
        qmuni9                      7.230000000000000e-05    1.000000000000000    0.000000000000000
     rech_mmyr                      560.0000000000000    1.000000000000000    0.000000000000000
          slvl                      0.01400000000000000    1.000000000000000    0.000000000000000
            ss                      1.000000000000000e-05    1.000000000000000    0.000000000000000
            sy                      0.1500000000000000    1.000000000000000    0.000000000000000
